data/skycells_subset.ecsv
# %ECSV 1.0
# ---
# datatype:
# - {name: name, datatype: string}
# - {name: ra_center, datatype: float64}
# - {name: dec_center, datatype: float64}
# - {name: orientat, datatype: float32}
# - {name: x_tangent, datatype: float64}
# - {name: y_tangent, datatype: float64}
# - {name: ra_corn1, datatype: float64}
# - {name: dec_corn1, datatype: float64}
# - {name: ra_corn2, datatype: float64}
# - {name: dec_corn2, datatype: float64}
# - {name: ra_corn3, datatype: float64}
# - {name: dec_corn3, datatype: float64}
# - {name: ra_corn4, datatype: float64}
# - {name: dec_corn4, datatype: float64}
# schema: astropy-2.0
name ra_center dec_center orientat x_tangent y_tangent ra_corn1 dec_corn1 ra_corn2 dec_corn2 ra_corn3 dec_corn3 ra_corn4 dec_corn4
[from data line 207]
010p00x47y41 9.724644574388062 -0.2199843244400836 0.6599708 45699.5 16899.5 9.686455496209932 -0.2581735291589647 9.762834238992717 -0.2581774935840518 9.762834238992733 -0.18179424009557976 9.68645549620991 -0.18179144854875662
010p00x47y42 9.797969219201542 -0.21998738721743372 0.58664614 40899.5 16899.5 9.759779045042734 -0.2581773438135557 9.836159914657406 -0.258180867894157 9.836159914657417 -0.1817966161134103 9.759779045042716 -0.18179413463481134
010p00x47y43 9.871295785722259 -0.21999008977427656 0.5133196 36099.5 16899.5 9.833104640636222 -0.2581807357385228 9.909487386965651 -0.25818381942268703 9.909487386965644 -0.18179869442993113 9.833104640636218 -0.18179652305612826
010p00x47y44 9.944624033819442 -0.21999243207077257 0.43999135 31299.5 16899.5 9.906432042878707 -0.25818370488387066 9.98281641576884 -0.2581863481261527 9.982816415768841 -0.18180047501450228 9.906432042878698 -0.18179861377751272
010p00x47y45 10.017953723329246 -0.21999441407240855 0.36666167 26499.5 16899.5 9.97976101162298 -0.2581862512058399 10.056146760887819 -0.25818845396727674 10.056146760887813 -0.18180195784089212 9.979761011622982 -0.18180040676813958
010p00x47y46 10.091284614059555 -0.21999603574994694 0.29333076 21699.5 16899.5 10.053091306691075 -0.2581883746668843 10.129478182117564 -0.2581901369150069 10.129478182117573 -0.18180314288721425 10.053091306691078 -0.18180190200157856
010p00x47y47 10.164616465794591 -0.21999729707948906 0.21999893 16899.5 16899.5 10.126422687878915 -0.258190075235717 10.202810439231877 -0.25819139694453314 10.202810439231877 -0.18180403013603127 10.126422687878923 -0.18180309945579312
010p00x47y48 10.237949038299684 -0.21999819804245732 0.14666635 12099.5 16899.5 10.199754914961114 -0.25819135288725836 10.276143291988134 -0.2581922340372939 10.276143291988143 -0.1818046195742327 10.199754914961119 -0.18180399911313286
010p00x47y49 10.311282091326042 -0.21999873862554206 0.07333329 7299.5 16899.5 10.273087747695653 -0.25819220760264333 10.349476500132019 -0.25819264818093335 10.349476500132017 -0.1818049111931663 10.27308774769565 -0.18180460096031384
010p00x47y50 10.384615384615383 -0.21999891882080228 1.7763568e-15 2499.5 16899.5 10.346420945828562 -0.258192639369334 10.422809823402206 -0.258192639369334 10.422809823402208 -0.18180490498849336 10.34642094582856 -0.18180490498849336
010p00x47y51 10.457948677904726 -0.21999873862554206 -0.07333329 -2300.5 16899.5 10.419754269098751 -0.25819264818093335 10.496143021535117 -0.25819220760264333 10.496143021535119 -0.1818046009603138 10.419754269098751 -0.18180491119316633
010p00x47y52 10.531281730931083 -0.21999819804245735 -0.14666635 -7100.5 16899.5 10.493087477242634 -0.2581922340372939 10.569475854269655 -0.25819135288725836 10.569475854269653 -0.18180399911313286 10.493087477242625 -0.1818046195742327
010p00x47y53 10.604614303436177 -0.219997297079489 -0.21999893 -11900.5 16899.5 10.566420329998891 -0.25819139694453314 10.642808081351854 -0.258190075235717 10.642808081351845 -0.18180309945579307 10.56642032999889 -0.18180403013603127
010p00x47y54 10.677946155171211 -0.21999603574994692 -0.29333076 -16700.5 16899.5 10.639752587113206 -0.25819013691500686 10.716139462539692 -0.2581883746668843 10.716139462539692 -0.18180190200157853 10.639752587113193 -0.18180314288721416
010p00x47y55 10.75127704590152 -0.2199944140724085 -0.36666167 -21500.5 16899.5 10.71308400834295 -0.25818845396727674 10.789469757607787 -0.2581862512058399 10.789469757607787 -0.18180040676813955 10.713084008342955 -0.18180195784089204
010p00x47y56 10.824606735411326 -0.21999243207077254 -0.43999135 -26300.5 16899.5 10.786414353461927 -0.2581863481261527 10.862798726352061 -0.25818370488387055 10.862798726352068 -0.18179861377751266 10.786414353461925 -0.18180047501450222
010p00x47y57 10.897934983508508 -0.21999008977427648 -0.5133196 -31100.5 16899.5 10.859743382265117 -0.2581838194226869 10.936126128594546 -0.2581807357385227 10.936126128594548 -0.1817965230561282 10.859743382265124 -0.18179869442993107
010p00x47y58 10.971261550029222 -0.2199873872174337 -0.58664614 -35900.5 16899.5 10.93307085457336 -0.25818086789415695 11.009451724188036 -0.2581773438135556 11.009451724188052 -0.18179413463481126 10.93307085457335 -0.18179661611341025
010p00x48y32 9.06484884704421 -0.1466274392624481 1.3197665 88899.5 12099.5 9.02667525573458 -0.18480855300026447 9.103023610273866 -0.1848142265378994 9.103023610273866 -0.10844495805148863 9.026675255734565 -0.10844162892818295
010p00x48y33 9.138145398393785 -0.14663164069318613 1.24647 84099.5 12099.5 9.099969586885805 -0.18481400589056154 9.17632231684195 -0.18481936469227836 9.176322316841938 -0.10844797302214881 9.099969586885825 -0.10844482857985169
010p00x48y34 9.21144603036286 -0.14663560237298087 1.1731694 79299.5 12099.5 9.173268123427956 -0.1848191566359835 9.24962497923645 -0.18482420062288235 9.249624979236426 -0.10845081065368357 9.173268123427961 -0.10844785093869563
010p00x48y35 9.284750503330077 -0.14663932424349152 1.0998648 74499.5 12099.5 9.246570625780734 -0.18482400516069863 9.322931357796127 -0.18482873425849625 9.322931357796127 -0.10845347090430005 9.246570625780725 -0.10845069596021317
010p00x48y36 9.358058577598689 -0.1466428062498994 1.0265568 69699.5 12099.5 9.319876854286056 -0.18482855139330223 9.396241212786776 -0.18483296553234557 9.3962412127868 -0.10845595373482021 9.319876854286063 -0.1084533636025031
010p00x48y37 9.431370013401136 -0.1466460483409249 0.95324534 64899.5 12099.5 9.393186569212707 -0.1848327952668284 9.469554304405992 -0.18483689438209105 9.469554304405998 -0.10845825910866769 9.393186569212704 -0.10845585382627596
010p00x48y38 9.50468457090396 -0.1466490504687987 0.8799308 60099.5 12099.5 9.466499530760947 -0.18483673671876832 9.542870392787693 -0.1848405207498594 9.542870392787709 -0.10846038699187764 9.466499530760935 -0.10845816659484966
010p00x48y39 9.578002010212328 -0.1466518125892911 0.8066134 55299.5 12099.5 9.539815499067329 -0.1848403756910479 9.616189238006989 -0.1848438445822191 9.61618923800699 -0.10846233735310297 9.539815499067306 -0.10846030187414836
010p00x48y40 9.651322091374793 -0.14665433466170574 0.7332933 50499.5 12099.5 9.613134234209289 -0.18484371213005624 9.689510600084837 -0.18484686583018775 9.689510600084837 -0.10846411016359704 9.613134234209278 -0.10846225963270989
010p00x48y41 9.724644574388048 -0.1466566166488694 0.6599708 45699.5 12099.5 9.686455496209932 -0.18484674598662923 9.762834238992731 -0.18484958444924424 9.762834238992722 -0.10846570539723702 9.686455496209916 -0.10846403984169278
010p00x48y42 9.797969219201526 -0.14665865851715992 0.58664614 40899.5 12099.5 9.759779045042736 -0.1848494772160561 9.836159914657419 -0.18485200039932195 9.836159914657435 -0.10846712303050715 9.75977904504273 -0.10846564247485423
010p00x48y43 9.871295785722271 -0.14666046023646942 0.5133196 36099.5 12099.5 9.833104640636218 -0.18485190577808486 9.90948738696563 -0.18485411364481577 9.909487386965653 -0.10846836304252326 9.833104640636218 -0.108467067508579
010p00x48y44 9.944624033819435 -0.14666202178026233 0.43999135 31299.5 12099.5 9.906432042878718 -0.18485403163691053 9.982816415768838 -0.18485592415455696 9.982816415768836 -0.1084694254149999 9.9064320428787 -0.10846831492186246
010p00x48y45 10.017953723329265 -0.14666334312549797 0.36666167 26499.5 12099.5 9.97976101162297 -0.18485585476122463 10.05614676088781 -0.1848574319018852 10.056146760887817 -0.10847031013227712 9.979761011622982 -0.10846938469631588
010p00x48y46 10.091284614059562 -0.14666442425271675 0.29333076 21699.5 12099.5 10.053091306691076 -0.1848573751241139 10.129478182117566 -0.1848586368645447 10.129478182117563 -0.10847101718131201 10.05309130669107 -0.10847027681617236
010p00x48y47 10.164616465794584 -0.14666526514597303 0.21999893 16899.5 12099.5 10.12642268787891 -0.18485859270320254 10.20281043923187 -0.1848595390247996 10.202810439231886 -0.1084715465516755 10.126422687878916 -0.10847099126827736
010p00x48y48 10.237949038299684 -0.1466658657928675 0.14666635 12099.5 12099.5 10.199754914961117 -0.1848595074805115 10.276143291988136 -0.18486013836932588 10.276143291988133 -0.1084718982355882 10.19975491496112 -0.108471528042098
010p00x48y49 10.311282091326033 -0.14666622618456196 0.07333329 7299.5 12099.5 10.273087747695637 -0.18486011944258446 10.349476500132019 -0.18486043488929738 10.349476500132022 -0.10847207222781596 10.27308774769565 -0.1084718871297223
010p00x48y50 10.384615384615383 -0.14666634631568976 1.7763568e-15 2499.5 12099.5 10.346420945828562 -0.18486042858034982 10.422809823402204 -0.18486042858034982 10.422809823402208 -0.10847206852586606 10.34642094582856 -0.10847206852586605
010p00x48y51 10.457948677904737 -0.14666622618456196 -0.07333329 -2300.5 12099.5 10.41975426909875 -0.18486043488929738 10.496143021535131 -0.1848601194425845 10.49614302153512 -0.10847188712972229 10.419754269098743 -0.10847207222781595
010p00x48y52 10.531281730931083 -0.1466658657928675 -0.14666635 -7100.5 12099.5 10.493087477242632 -0.1848601383693259 10.569475854269651 -0.1848595074805115 10.569475854269646 -0.10847152804209798 10.493087477242636 -0.10847189823558817
010p00x48y53 10.604614303436183 -0.14666526514597297 -0.21999893 -11900.5 12099.5 10.566420329998897 -0.18485953902479962 10.642808081351857 -0.18485859270320248 10.642808081351854 -0.10847099126827733 10.56642032999888 -0.10847154655167549
010p00x48y54 10.677946155171206 -0.1466644242527167 -0.29333076 -16700.5 12099.5 10.6397525871132 -0.18485863686454468 10.716139462539692 -0.18485737512411382 10.7161394625397 -0.1084702768161723 10.639752587113206 -0.10847101718131198
010p00x48y55 10.751277045901503 -0.14666334312549792 -0.36666167 -21500.5 12099.5 10.713084008342957 -0.18485743190188514 10.7894697576078 -0.18485585476122454 10.789469757607787 -0.10846938469631583 10.71308400834295 -0.10847031013227705
010p00x48y56 10.824606735411333 -0.1466620217802623 -0.43999135 -26300.5 12099.5 10.786414353461929 -0.18485592415455693 10.862798726352048 -0.18485403163691047 10.862798726352068 -0.10846831492186242 10.786414353461932 -0.10846942541499986
010p00x48y57 10.897934983508497 -0.1466604602364694 -0.5133196 -31100.5 12099.5 10.859743382265137 -0.18485411364481572 10.93612612859455 -0.18485190577808483 10.936126128594548 -0.10846706750857893 10.859743382265115 -0.1084683630425232
010p00x48y58 10.971261550029244 -0.14665865851715987 -0.58664614 -35900.5 12099.5 10.933070854573348 -0.1848520003993219 11.009451724188033 -0.184849477216056 11.009451724188038 -0.10846564247485414 10.933070854573332 -0.10846712303050708
010p00x49y32 9.064848847044212 -0.07331383966713786 1.3197665 88899.5 7299.5 9.026675255734569 -0.11149631509471665 9.103023610273866 -0.11149973799544323 9.103023610273858 -0.035130094381334256 9.026675255734549 -0.03512901592948185
010p00x49y33 9.138145398393775 -0.0733159403928261 1.24647 84099.5 7299.5 9.099969586885814 -0.11149960487674616 9.176322316841942 -0.11150283789421973 9.176322316841945 -0.035131071065102285 9.099969586885836 -0.03513005243968294
010p00x49y34 9.211446030362865 -0.07331792124245307 1.1731694 79299.5 7299.5 9.17326812342796 -0.11150271237182192 9.249624979236447 -0.11150575545843851 9.249624979236447 -0.03513199030079976 9.17326812342796 -0.03513103151681428
010p00x49y35 9.284750503330066 -0.07331978218685142 1.0998648 74499.5 7299.5 9.246570625780718 -0.11150563753419264 9.32293135779614 -0.11150849064513252 9.322931357796127 -0.035132852074890544 9.246570625780725 -0.03513195314645865
010p00x49y36 9.358058577598685 -0.0733215231986085 1.0265568 69699.5 7299.5 9.319876854286065 -0.11150838032077327 9.396241212786803 -0.11151104341401875 9.396241212786784 -0.03513365637468138 9.319876854286061 -0.035132817315042225
010p00x49y37 9.431370013401144 -0.07332314425208415 0.95324534 64899.5 7299.5 9.393186569212704 -0.111510940691171 9.469554304406001 -0.11151341372748995 9.469554304406 -0.035134403188322394 9.393186569212705 -0.03513362400983702
010p00x49y38 9.504684570903965 -0.07332464532339651 0.8799308 60099.5 7299.5 9.466499530760954 -0.11151331860766632 9.542870392787691 -0.11151560155062709 9.542870392787707 -0.03513509250481256 9.466499530760947 -0.03513437321896063
010p00x49y39 9.578002010212348 -0.07332602639042708 0.8066134 55299.5 7299.5 9.539815499067302 -0.11151551403523058 9.616189238006985 -0.11151760685119244 9.616189238007005 -0.03513572431399569 9.539815499067316 -0.03513506493137454
010p00x49y40 9.651322091374816 -0.07332728743283012 0.7332933 50499.5 7299.5 9.613134234209287 -0.11151752694150713 9.689510600084846 -0.11151942959963504 9.689510600084837 -0.03513629860656182 9.613134234209264 -0.03513569913688784
010p00x49y41 9.724644574388053 -0.07332842843202006 0.6599708 45699.5 7299.5 9.686455496209934 -0.1115193572968451 9.76283423899273 -0.11152106976909885 9.762834238992745 -0.03513681537404546 9.686455496209941 -0.03513627582615232
010p00x49y42 9.797969219201542 -0.07332944937118059 0.58664614 40899.5 7299.5 9.759779045042732 -0.1115210050742681 9.836159914657415 -0.11152252733540663 9.836159914657426 -0.03513727460883299 9.759779045042743 -0.035136794990673334
010p00x49y43 9.871295785722268 -0.07333035023526477 0.5133196 36099.5 7299.5 9.83310464063624 -0.11152247024948465 9.909487386965637 -0.11152380227707748 9.909487386965646 -0.03513767630415489 9.83310464063622 -0.03513725662279802
010p00x49y44 9.944624033819451 -0.07333113101099456 0.43999135 31299.5 7299.5 9.90643204287871 -0.11152375280090988 9.982816415768832 -0.1115248945753126 9.982816415768838 -0.03513802045408853 9.906432042878707 -0.03513766071572108
010p00x49y45 10.017953723329251 -0.07333179168686496 0.36666167 26499.5 7299.5 9.979761011622978 -0.11152485270963244 10.056146760887835 -0.11152580421401026 10.056146760887804 -0.03513830705356444 9.97976101162298 -0.0351380072634871
010p00x49y46 10.09128461405955 -0.07333233225313109 0.29333076 21699.5 7299.5 10.05309130669107 -0.11152576995943593 10.129478182117559 -0.11152653117977786 10.12947818211758 -0.03513853609834886 10.053091306691083 -0.03513829626098565
010p00x49y47 10.16461646579459 -0.0733327527018206 0.21999893 16899.5 7299.5 10.126422687878934 -0.11152650453679513 10.20281043923188 -0.11152707546187438 10.202810439231872 -0.03513870758507832 10.126422687878913 -0.03513852770396135
010p00x49y48 10.237949038299668 -0.07333305302675353 0.14666635 12099.5 7299.5 10.199754914961105 -0.11152705643091021 10.27614329198814 -0.11152743705229147 10.276143291988152 -0.03513882151120895 10.199754914961126 -0.035138701588995055
010p00x49y49 10.31128209132603 -0.07333323322348007 0.07333329 7299.5 7299.5 10.273087747695648 -0.11152742563359495 10.349476500132022 -0.11152761594567766 10.349476500132015 -0.035138877875084934 10.273087747695666 -0.035138817913524294
010p00x49y50 10.384615384615383 -0.07333329328933537 1.7763568e-15 2499.5 7299.5 10.34642094582856 -0.11152761213944985 10.422809823402208 -0.11152761213944985 10.4228098234022 -0.03513887667584126 10.346420945828568 -0.03513887667584126
010p00x49y51 10.457948677904737 -0.07333323322348007 -0.07333329 -2300.5 7299.5 10.419754269098743 -0.11152761594567764 10.496143021535122 -0.11152742563359493 10.496143021535104 -0.03513881791352428 10.419754269098755 -0.03513887787508494
010p00x49y52 10.5312817309311 -0.0733330530267535 -0.14666635 -7100.5 7299.5 10.493087477242629 -0.11152743705229144 10.569475854269664 -0.11152705643091018 10.56947585426964 -0.035138701588995035 10.493087477242614 -0.035138821511208944
010p00x49y53 10.604614303436177 -0.07333275270182056 -0.21999893 -11900.5 7299.5 10.566420329998888 -0.11152707546187433 10.642808081351834 -0.1115265045367951 10.642808081351856 -0.035138527703961316 10.566420329998895 -0.0351387075850783
