data/skycells_subset.ecsv
# %ECSV 1.0
# ---
# datatype:
# - {name: name, datatype: string}
# - {name: ra_center, datatype: float64}
# - {name: dec_center, datatype: float64}
# - {name: orientat, datatype: float32}
# - {name: x_tangent, datatype: float64}
# - {name: y_tangent, datatype: float64}
# - {name: ra_corn1, datatype: float64}
# - {name: dec_corn1, datatype: float64}
# - {name: ra_corn2, datatype: float64}
# - {name: dec_corn2, datatype: float64}
# - {name: ra_corn3, datatype: float64}
# - {name: dec_corn3, datatype: float64}
# - {name: ra_corn4, datatype: float64}
# - {name: dec_corn4, datatype: float64}
# schema: astropy-2.0
name ra_center dec_center orientat x_tangent y_tangent ra_corn1 dec_corn1 ra_corn2 dec_corn2 ra_corn3 dec_corn3 ra_corn4 dec_corn4
[from data line 554]
010p00x61y43 9.871295785722262 0.8065810071707019 0.5133196 36099.5 -50300.5 9.83310464063623 0.7683905523950161 9.909487386965647 0.7683997289966205 9.909487386965655 0.8447708430211985 9.833104640636224 0.844760754611211
010p00x61y44 9.944624033819435 0.8065895940158718 0.43999135 31299.5 -50300.5 9.906432042878695 0.7683993881455509 9.98281641576884 0.7684072540552571 9.982816415768836 0.8447791157871137 9.906432042878702 0.8447704683023785
010p00x61y45 10.017953723329251 0.8065968600221372 0.36666167 26499.5 -50300.5 9.979761011622982 0.7684069656343122 10.056146760887817 0.7684135207362347 10.056146760887824 0.844786005140001 9.979761011622985 0.8447787987079813
010p00x61y46 10.091284614059553 0.8066028050824195 0.29333076 21699.5 -50300.5 10.05309130669107 0.7684132847496548 10.129478182117566 0.7684185289471278 10.129478182117557 0.84479151097838 10.053091306691073 0.8447857457052572
010p00x61y47 10.164616465794586 0.8066074291090612 0.21999893 16899.5 -50300.5 10.126422687878916 0.7684183453984271 10.202810439231875 0.768422278614173 10.202810439231872 0.8447956332210019 10.126422687878922 0.8447913091918011
010p00x61y48 10.237949038299682 0.806610732033948 0.14666635 12099.5 -50300.5 10.199754914961119 0.7684221475060237 10.276143291988136 0.7684247696820763 10.276143291988133 0.8447983718071743 10.19975491496112 0.8447954890856126
010p00x61y49 10.311282091326042 0.8066127138083273 0.07333329 7299.5 -50300.5 10.273087747695644 0.7684246910164084 10.349476500132019 0.7684260021140806 10.349476500132017 0.8447997266964811 10.273087747695643 0.8447982853251014
010p00x61y50 10.384615384615383 0.8066133744030517 1.7763568e-15 2499.5 -50300.5 10.34642094582856 0.7684259758920752 10.422809823402206 0.7684259758920752 10.422809823402204 0.8447996978689651 10.346420945828562 0.8447996978689651
010p00x61y51 10.457948677904728 0.8066127138083273 -0.07333329 -2300.5 -50300.5 10.419754269098748 0.7684260021140806 10.496143021535122 0.7684246910164084 10.496143021535124 0.8447982853251014 10.41975426909875 0.8447997266964811
010p00x61y52 10.531281730931084 0.806610732033948 -0.14666635 -7100.5 -50300.5 10.493087477242632 0.7684247696820763 10.569475854269651 0.7684221475060237 10.569475854269646 0.8447954890856127 10.493087477242634 0.8447983718071742
010p00x62y39 9.57800201021233 0.8798436313455469 0.8066134 55299.5 -55100.5 9.539815499067318 0.8416535083587992 9.616189238006994 0.8416693014703783 9.616189238006992 0.9180332984236008 9.539815499067322 0.9180160728854576
010p00x62y40 9.651322091374816 0.8798587603109337 0.7332933 50499.5 -55100.5 9.613134234209276 0.8416686984443371 9.689510600084846 0.841683056559146 9.689510600084844 0.918048301091354 9.613134234209275 0.9180326407034288
010p00x62y41 9.724644574388057 0.8798724490949906 0.6599708 45699.5 -55100.5 9.686455496209922 0.8416825109373638 9.762834238992728 0.8416954338438426 9.762834238992738 0.9180618009889279 9.686455496209934 0.9180477059819552
010p00x62y42 9.797969219201548 0.8798846974959796 0.58664614 40899.5 -55100.5 9.759779045042727 0.8416949456343341 9.836159914657424 0.8417064331420454 9.836159914657415 0.9180737979174293 9.759779045042729 0.9180612684991021
010p00x62y43 9.871295785722259 0.8798955053334331 0.5133196 36099.5 -55100.5 9.833104640636225 0.8417060023520118 9.90948738696565 0.8417160542916763 9.909487386965653 0.9180842916999867 9.833104640636225 0.9180733280549633
010p00x62y44 9.944624033819428 0.8799048724480636 0.43999135 31299.5 -55100.5 9.906432042878707 0.8417156809274762 9.982816415768836 0.8417242971509389 9.982816415768836 0.9180932821820112 9.90643204287871 0.9180838844718554
010p00x62y45 10.017953723329255 0.8799127987017659 0.36666167 26499.5 -55100.5 9.979761011622983 0.8417239812180649 10.056146760887822 0.8417311615983147 10.056146760887819 0.918100769230965 9.979761011622987 0.9180929375942024
010p00x62y46 10.091284614059552 0.8799192839777853 0.29333076 21699.5 -55100.5 10.05309130669107 0.8417309031014496 10.129478182117564 0.8417366475326638 10.129478182117557 0.9181067527365112 10.05309130669107 0.918100487288573
010p00x62y47 10.164616465794582 0.8799243281804804 0.21999893 16899.5 -55100.5 10.126422687878922 0.8417364464755752 10.202810439231877 0.8417407548730874 10.202810439231875 0.9181112326104132 10.126422687878918 0.9181065334436537
010p00x62y48 10.237949038299684 0.8799279312355265 0.14666635 12099.5 -55100.5 10.199754914961119 0.8417406112587799 10.276143291988136 0.8417434835590537 10.276143291988133 0.918114208786706 10.199754914961119 0.9181110759703656
010p00x62y49 10.311282091326039 0.8799300930897916 0.07333329 7299.5 -55100.5 10.273087747695646 0.841743397389636 10.349476500132019 0.8417448335503518 10.349476500132019 0.9181156812214456 10.273087747695646 0.9181141148017288
010p00x62y50 10.384615384615383 0.8799308137114111 1.7763568e-15 2499.5 -55100.5 10.34642094582856 0.8417448048270751 10.422809823402206 0.8417448048270751 10.422809823402204 0.9181156498929616 10.346420945828562 0.9181156498929616
010p00x62y51 10.457948677904728 0.8799300930897918 -0.07333329 -2300.5 -55100.5 10.41975426909875 0.8417448335503518 10.496143021535122 0.841743397389636 10.496143021535122 0.9181141148017288 10.41975426909875 0.9181156812214456
010p00x63y41 9.72464457438806 0.9531821454683499 0.6599708 45699.5 -59900.5 9.686455496209923 0.9149931590026606 9.762834238992731 0.9150072071284172 9.762834238992731 0.9913704479922008 9.686455496209934 0.9913552279099112
010p00x63y42 9.797969219201544 0.9531954140262231 0.58664614 40899.5 -59900.5 9.75977904504274 0.9150066764096692 9.836159914657417 0.9150191641540725 9.836159914657419 0.9913834025255861 9.75977904504274 0.991369872998561
010p00x63y43 9.871295785722266 0.9532071220374477 0.5133196 36099.5 -59900.5 9.833104640636213 0.9150186958544388 9.909487386965653 0.9150296230334036 9.90948738696565 0.9913947339306757 9.833104640636229 0.9913828951583112
010p00x63y44 9.944624033819435 0.9532172693295127 0.43999135 31299.5 -59900.5 9.906432042878702 0.9150292171597638 9.982816415768841 0.9150385836122931 9.982816415768832 0.9914044420405032 9.906432042878707 0.9913942941972559
010p00x63y45 10.017953723329256 0.9532258557528175 0.36666167 26499.5 -59900.5 9.979761011622989 0.9150382401706189 10.056146760887819 0.9150460457586831 10.056146760887819 0.9914125267119664 9.979761011622983 0.9914040699474099
010p00x63y46 10.091284614059553 0.9532328811808585 0.29333076 21699.5 -59900.5 10.05309130669107 0.9150457647540492 10.12947818211756 0.9150520093625655 10.129478182117566 0.9914189878258964 10.053091306691071 0.9914122222646887
010p00x63y47 10.164616465794579 0.9532383455100769 0.21999893 16899.5 -59900.5 10.126422687878918 0.9150517907991023 10.202810439231873 0.9150564743360332 10.202810439231877 0.9914238252870932 10.12642268787892 0.9914187510289226
010p00x63y48 10.237949038299684 0.9532422486598771 0.14666635 12099.5 -59900.5 10.199754914961119 0.9150563182169782 10.276143291988134 0.9150594406132786 10.276143291988136 0.9914270390242561 10.19975491496112 0.9914236561439094
