data/skycells_subset.ecsv
# %ECSV 1.0
# ---
# datatype:
# - {name: name, datatype: string}
# - {name: ra_center, datatype: float64}
# - {name: dec_center, datatype: float64}
# - {name: orientat, datatype: float32}
# - {name: x_tangent, datatype: float64}
# - {name: y_tangent, datatype: float64}
# - {name: ra_corn1, datatype: float64}
# - {name: dec_corn1, datatype: float64}
# - {name: ra_corn2, datatype: float64}
# - {name: dec_corn2, datatype: float64}
# - {name: ra_corn3, datatype: float64}
# - {name: dec_corn3, datatype: float64}
# - {name: ra_corn4, datatype: float64}
# - {name: dec_corn4, datatype: float64}
# schema: astropy-2.0
name ra_center dec_center orientat x_tangent y_tangent ra_corn1 dec_corn1 ra_corn2 dec_corn2 ra_corn3 dec_corn3 ra_corn4 dec_corn4
[from data line 275]
010p00x49y55 10.751277045901517 -0.07333179168686492 -0.36666167 -21500.5 7299.5 10.713084008342934 -0.11152580421401022 10.789469757607788 -0.11152485270963239 10.789469757607788 -0.03513800726348705 10.713084008342964 -0.0351383070535644
010p00x49y56 10.824606735411315 -0.07333113101099452 -0.43999135 -26300.5 7299.5 10.786414353461936 -0.11152489457531255 10.86279872635206 -0.11152375280090984 10.862798726352063 -0.03513766071572102 10.78641435346193 -0.03513802045408848
010p00x49y57 10.8979349835085 -0.0733303502352647 -0.5133196 -31100.5 7299.5 10.859743382265131 -0.11152380227707745 10.93612612859453 -0.11152247024948458 10.936126128594546 -0.03513725662279796 10.859743382265123 -0.035137676304154826
010p00x49y58 10.971261550029224 -0.07332944937118052 -0.58664614 -35900.5 7299.5 10.93307085457335 -0.11152252733540656 11.009451724188038 -0.11152100507426801 11.009451724188024 -0.03513679499067326 10.93307085457334 -0.035137274608832925
010p00x50y32 9.064848847044214 3.3458134685691676e-15 1.3197665 88899.5 2499.5 9.026675255734574 -0.03818371209854868 9.10302361027385 -0.038184884328744235 9.10302361027385 0.03818488432875122 9.026675255734574 0.03818371209855567
010p00x50y33 9.138145398393775 3.3548879572722033e-15 1.24647 84099.5 2499.5 9.099969586885823 -0.038184838739996244 9.17632231684195 -0.038185945941462435 9.17632231684195 0.03818594594146943 9.099969586885823 0.03818483874000295
010p00x50y34 9.211446030362858 3.3639574603712514e-15 1.1731694 79299.5 2499.5 9.173268123427956 -0.038185902954196924 9.249624979236447 -0.03818694511063115 9.249624979236447 0.03818694511063865 9.173268123427956 0.03818590295420364
010p00x50y35 9.284750503330084 3.3730219324825537e-15 1.0998648 74499.5 2499.5 9.24657062578072 -0.038186904725480406 9.322931357796131 -0.03818788182153562 9.322931357796131 0.038187881821542626 9.24657062578072 0.03818690472548791
010p00x50y36 9.358058577598667 3.3820813282893308e-15 1.0265568 69699.5 2499.5 9.319876854286058 -0.03818784403909416 9.396241212786801 -0.03818875606037817 9.396241212786801 0.038188756060385166 9.319876854286058 0.038187844039101165
010p00x50y37 9.431370013401141 3.391135602542922e-15 0.95324534 64899.5 2499.5 9.393186569212704 -0.038188720881203016 9.469554304405992 -0.0381895678142815 9.469554304405992 0.03818956781428849 9.393186569212704 0.03818872088121001
010p00x50y38 9.504684570903976 3.4001847100638976e-15 0.8799308 60099.5 2499.5 9.466499530760956 -0.038189535238890224 9.542870392787695 -0.03819031707128506 9.542870392787695 0.038190317071292244 9.466499530760956 0.038189535238897024
010p00x50y39 9.578002010212334 3.4092286057431967e-15 0.8066134 55299.5 2499.5 9.539815499067332 -0.03819028710015788 9.616189238006992 -0.0381910038203506 9.616189238006992 0.038191003820357595 9.539815499067332 0.0381902871001647
010p00x50y40 9.651322091374805 3.4182672445432475e-15 0.7332933 50499.5 2499.5 9.613134234209276 -0.03819097645392945 9.68951060008484 -0.03819162805135726 9.68951060008484 0.03819162805136425 9.613134234209276 0.03819097645393627
010p00x50y41 9.724644574388062 3.4273005814990895e-15 0.6599708 45699.5 2499.5 9.686455496209936 -0.03819160329004473 9.762834238992744 -0.038192189755105556 9.762834238992744 0.03819218975511284 9.686455496209936 0.03819160329005173
010p00x50y42 9.797969219201528 3.4363285717194776e-15 0.58664614 40899.5 2499.5 9.75977904504272 -0.0381921675992693 9.83615991465741 -0.03819268892332031 9.83615991465741 0.0381926889233272 9.75977904504272 0.03819216759927631
010p00x50y43 9.871295785722266 3.445351170388023e-15 0.5133196 36099.5 2499.5 9.833104640636225 -0.038192669373281814 9.909487386965639 -0.038193125548639635 9.909487386965639 0.03819312554864654 9.833104640636225 0.03819266937328883
010p00x50y44 9.944624033819434 3.4543683327642716e-15 0.43999135 31299.5 2499.5 9.906432042878688 -0.038193108604691904 9.982816415768816 -0.03819349962463044 9.982816415768816 0.038193499624637375 9.906432042878688 0.0381931086046987
010p00x50y45 10.017953723329255 3.4633800141848447e-15 0.36666167 26499.5 2499.5 9.979761011622978 -0.03819348528701925 10.056146760887824 -0.03819381114577395 10.056146760887824 0.038193811145780965 9.979761011622978 0.03819348528702617
010p00x50y46 10.091284614059553 3.4723861700645224e-15 0.29333076 21699.5 2499.5 10.053091306691078 -0.03819379941471395 10.129478182117559 -0.038194060107484724 10.129478182117559 0.03819406010749174 10.053091306691078 0.038193799414720966
010p00x50y47 10.164616465794577 3.481386755897358e-15 0.21999893 16899.5 2499.5 10.126422687878923 -0.03819405098314636 10.202810439231872 -0.03819424650608784 10.202810439231872 0.038194246506094855 10.126422687878923 0.03819405098315338
010p00x50y48 10.23794903829969 3.4903817272577738e-15 0.14666635 12099.5 2499.5 10.199754914961122 -0.038194239988607215 10.27614329198813 -0.038194370338837776 10.27614329198813 0.03819437033884476 10.199754914961122 0.03819423998861415
010p00x50y49 10.311282091326046 3.4993710398016517e-15 0.07333329 7299.5 2499.5 10.273087747695639 -0.0381943664283118 10.349476500132022 -0.03819443160389812 10.349476500132022 0.03819443160390515 10.273087747695639 0.0381943664283188
010p00x50y50 10.384615384615383 0.0 1.7763568e-15 2499.5 2499.5 10.346420945828564 -0.038194430300386065 10.422809823402202 -0.038194430300386065 10.422809823402202 0.03819443030039308 10.346420945828564 0.03819443030039308
010p00x50y51 10.457948677904723 3.508351775639439e-15 -0.07333329 -2300.5 2499.5 10.419754269098743 -0.03819443160389812 10.496143021535127 -0.03819436642831179 10.496143021535127 0.03819436642831881 10.419754269098743 0.03819443160390515
010p00x50y52 10.531281730931077 3.508343154797807e-15 -0.14666635 -7100.5 2499.5 10.493087477242637 -0.03819437033883776 10.569475854269644 -0.038194239988607194 10.569475854269644 0.038194239988614175 10.493087477242637 0.03819437033884478
010p00x50y53 10.604614303436191 3.508328786869643e-15 -0.21999893 -11900.5 2499.5 10.566420329998893 -0.03819424650608781 10.642808081351843 -0.03819405098314633 10.642808081351843 0.03819405098315342 10.566420329998893 0.03819424650609488
010p00x50y54 10.677946155171213 3.508308672066773e-15 -0.29333076 -16700.5 2499.5 10.63975258711321 -0.03819406010748469 10.716139462539688 -0.03819379941471391 10.716139462539688 0.038193799414721 10.63975258711321 0.038194060107491774
010p00x50y55 10.751277045901515 3.508282810685742e-15 -0.36666167 -21500.5 2499.5 10.713084008342943 -0.038193811145773915 10.789469757607788 -0.0381934852870192 10.789469757607788 0.03819348528702622 10.713084008342943 0.03819381114578101
010p00x50y56 10.824606735411333 3.508251203107801e-15 -0.43999135 -26300.5 2499.5 10.786414353461952 -0.038193499624630395 10.86279872635208 -0.03819310860469184 10.86279872635208 0.03819310860469875 10.786414353461952 0.038193499624637424
010p00x50y57 10.897934983508502 3.5082138497988933e-15 -0.5133196 -31100.5 2499.5 10.85974338226513 -0.03819312554863957 10.936126128594543 -0.03819266937328175 10.936126128594543 0.03819266937328889 10.85974338226513 0.038193125548646595
010p00x50y58 10.971261550029238 3.508170751309631e-15 -0.58664614 -35900.5 2499.5 10.933070854573359 -0.03819268892332025 11.009451724188049 -0.03819216759926922 11.009451724188049 0.03819216759927638 10.933070854573359 0.03819268892332726
010p00x51y32 9.064848847044212 0.07331383966714482 1.3197665 88899.5 -2300.5 9.026675255734549 0.03512901592948854 9.103023610273858 0.03513009438134096 9.103023610273866 0.11149973799545024 9.026675255734569 0.1114963150947236
010p00x51y33 9.138145398393775 0.07331594039283308 1.24647 84099.5 -2300.5 9.099969586885836 0.035130052439689634 9.176322316841945 0.03513107106510901 9.176322316841942 0.11150283789422698 9.099969586885814 0.11149960487675287
010p00x51y34 9.211446030362865 0.0733179212424603 1.1731694 79299.5 -2300.5 9.17326812342796 0.035131031516821544 9.249624979236447 0.03513199030080701 9.249624979236447 0.11150575545844547 9.17326812342796 0.11150271237182889
010p00x51y35 9.284750503330066 0.07331978218685842 1.0998648 74499.5 -2300.5 9.246570625780725 0.03513195314646515 9.322931357796127 0.0351328520748973 9.32293135779614 0.1115084906451395 9.246570625780718 0.11150563753419937
010p00x51y36 9.358058577598685 0.07332152319861528 1.0265568 69699.5 -2300.5 9.319876854286061 0.035132817315048984 9.396241212786784 0.035133656374688155 9.396241212786803 0.11151104341402575 9.319876854286065 0.11150838032078027
010p00x51y37 9.431370013401144 0.07332314425209091 0.95324534 64899.5 -2300.5 9.393186569212705 0.035133624009844454 9.469554304406 0.03513440318832939 9.469554304406001 0.11151341372749712 9.393186569212704 0.11151094069117819
010p00x51y38 9.504684570903965 0.07332464532340331 0.8799308 60099.5 -2300.5 9.466499530760947 0.035134373218967625 9.542870392787707 0.03513509250481957 9.542870392787691 0.11151560155063388 9.466499530760954 0.11151331860767309
010p00x51y39 9.578002010212348 0.07332602639043408 0.8066134 55299.5 -2300.5 9.539815499067316 0.03513506493138155 9.616189238007005 0.035135724314002685 9.616189238006985 0.11151760685119941 9.539815499067302 0.11151551403523738
010p00x51y40 9.651322091374816 0.07332728743283679 0.7332933 50499.5 -2300.5 9.613134234209264 0.035135699136894676 9.689510600084837 0.03513629860656898 9.689510600084846 0.1115194295996419 9.613134234209287 0.11151752694151429
010p00x51y41 9.724644574388053 0.0733284284320269 0.6599708 45699.5 -2300.5 9.686455496209941 0.03513627582615918 9.762834238992745 0.03513681537405233 9.76283423899273 0.11152106976910572 9.686455496209934 0.11151935729685211
010p00x51y42 9.797969219201542 0.07332944937118746 0.58664614 40899.5 -2300.5 9.759779045042743 0.03513679499068034 9.836159914657426 0.03513727460884024 9.836159914657415 0.11152252733541362 9.759779045042732 0.11152100507427481
010p00x51y43 9.871295785722268 0.07333035023527197 0.5133196 36099.5 -2300.5 9.83310464063622 0.03513725662280503 9.909487386965646 0.035137676304162 9.909487386965637 0.11152380227708439 9.83310464063624 0.11152247024949162
010p00x51y44 9.944624033819451 0.07333113101100155 0.43999135 31299.5 -2300.5 9.906432042878707 0.03513766071572798 9.982816415768838 0.03513802045409572 9.982816415768832 0.11152489457531961 9.90643204287871 0.11152375280091677
010p00x51y45 10.017953723329251 0.07333179168687196 0.36666167 26499.5 -2300.5 9.97976101162298 0.03513800726349419 10.056146760887804 0.03513830705357145 10.056146760887835 0.11152580421401734 9.979761011622978 0.11152485270963944
010p00x51y46 10.09128461405955 0.07333233225313816 0.29333076 21699.5 -2300.5 10.053091306691083 0.035138296260992595 10.12947818211758 0.03513853609835599 10.129478182117559 0.11152653117978488 10.05309130669107 0.11152576995944292
010p00x51y47 10.16461646579459 0.0733327527018276 0.21999893 16899.5 -2300.5 10.126422687878913 0.03513852770396847 10.202810439231872 0.03513870758508534 10.20281043923188 0.11152707546188133 10.126422687878934 0.11152650453680216
010p00x51y48 10.237949038299668 0.07333305302676048 0.14666635 12099.5 -2300.5 10.199754914961126 0.03513870158900203 10.276143291988152 0.03513882151121597 10.27614329198814 0.11152743705229845 10.199754914961105 0.11152705643091722
010p00x51y49 10.31128209132603 0.07333323322348706 0.07333329 7299.5 -2300.5 10.273087747695666 0.035138817913531316 10.349476500132015 0.03513887787509195 10.349476500132022 0.11152761594568468 10.273087747695648 0.11152742563360192
010p00x51y50 10.384615384615383 0.07333329328934238 1.7763568e-15 2499.5 -2300.5 10.346420945828568 0.03513887667584829 10.4228098234022 0.03513887667584829 10.422809823402208 0.11152761213945686 10.34642094582856 0.11152761213945686
010p00x51y51 10.457948677904737 0.07333323322348706 -0.07333329 -2300.5 -2300.5 10.419754269098755 0.03513887787509195 10.496143021535104 0.03513881791353133 10.496143021535122 0.11152742563360195 10.419754269098743 0.11152761594568467
010p00x51y52 10.5312817309311 0.0733330530267605 -0.14666635 -7100.5 -2300.5 10.493087477242614 0.03513882151121599 10.56947585426964 0.035138701589002064 10.569475854269664 0.11152705643091725 10.493087477242629 0.11152743705229848
010p00x51y53 10.604614303436177 0.07333275270182761 -0.21999893 -11900.5 -2300.5 10.566420329998895 0.035138707585085374 10.642808081351856 0.035138527703968504 10.642808081351834 0.11152650453680218 10.566420329998888 0.11152707546188134
010p00x51y54 10.67794615517122 0.07333233225313819 -0.29333076 -16700.5 -2300.5 10.639752587113188 0.035138536098356016 10.716139462539685 0.03513829626099263 10.716139462539697 0.11152576995944298 10.639752587113207 0.1115265311797849
010p00x51y55 10.751277045901517 0.07333179168687201 -0.36666167 -21500.5 -2300.5 10.713084008342964 0.03513830705357148 10.789469757607788 0.03513800726349424 10.789469757607788 0.11152485270963948 10.713084008342934 0.11152580421401738
010p00x51y56 10.824606735411315 0.07333113101100161 -0.43999135 -26300.5 -2300.5 10.78641435346193 0.03513802045409577 10.862798726352063 0.03513766071572804 10.86279872635206 0.11152375280091682 10.786414353461936 0.11152489457531965
010p00x51y57 10.8979349835085 0.07333035023527205 -0.5133196 -31100.5 -2300.5 10.859743382265123 0.03513767630416206 10.936126128594546 0.03513725662280509 10.93612612859453 0.1115224702494917 10.859743382265131 0.11152380227708444
010p00x51y58 10.971261550029224 0.07332944937118754 -0.58664614 -35900.5 -2300.5 10.93307085457334 0.03513727460884031 11.009451724188024 0.03513679499068042 11.009451724188038 0.11152100507427488 10.93307085457335 0.1115225273354137
010p00x52y32 9.06484884704421 0.14662743926245478 1.3197665 88899.5 -7100.5 9.026675255734565 0.10844162892818991 9.103023610273866 0.10844495805149561 9.103023610273866 0.18481422653790608 9.02667525573458 0.18480855300027205
010p00x52y33 9.138145398393785 0.14663164069319282 1.24647 84099.5 -7100.5 9.099969586885825 0.10844482857985839 9.176322316841937 0.1084479730221558 9.17632231684195 0.18481936469228505 9.099969586885805 0.18481400589056798
010p00x52y34 9.21144603036286 0.14663560237298756 1.1731694 79299.5 -7100.5 9.173268123427961 0.10844785093870261 9.249624979236426 0.10845081065369054 9.24962497923645 0.1848242006228893 9.173268123427956 0.18481915663599074
010p00x52y35 9.284750503330077 0.14663932424349851 1.0998648 74499.5 -7100.5 9.246570625780725 0.10845069596021989 9.322931357796127 0.10845347090430704 9.322931357796127 0.18482873425850296 9.246570625780734 0.1848240051607056
010p00x52y36 9.358058577598689 0.1466428062499068 1.0265568 69699.5 -7100.5 9.319876854286063 0.10845336360250984 9.3962412127868 0.10845595373482719 9.396241212786776 0.1848329655323524 9.319876854286056 0.18482855139330923
010p00x52y37 9.431370013401136 0.14664604834093192 0.95324534 64899.5 -7100.5 9.393186569212704 0.10845585382628316 9.469554304405998 0.10845825910867507 9.469554304405992 0.18483689438209788 9.393186569212707 0.18483279526683583
010p00x52y38 9.50468457090396 0.1466490504688057 0.8799308 60099.5 -7100.5 9.466499530760935 0.10845816659485663 9.542870392787709 0.10846038699188464 9.542870392787693 0.1848405207498662 9.466499530760947 0.18483673671877535
010p00x52y39 9.578002010212328 0.1466518125892981 0.8066134 55299.5 -7100.5 9.539815499067306 0.10846030187415495 9.61618923800699 0.10846233735310996 9.616189238006989 0.1848438445822261 9.539815499067329 0.18484037569105488
010p00x52y40 9.65132209137479 0.1466543346617127 0.7332933 50499.5 -7100.5 9.613134234209278 0.10846225963271722 9.689510600084837 0.10846411016360417 9.689510600084837 0.1848468658301947 9.613134234209289 0.18484371213006304
010p00x52y41 9.724644574388048 0.14665661664887636 0.6599708 45699.5 -7100.5 9.686455496209916 0.10846403984169978 9.762834238992722 0.10846570539724414 9.762834238992731 0.18484958444925148 9.686455496209932 0.18484674598663617
