data/skycells_subset.ecsv
# %ECSV 1.0
# ---
# datatype:
# - {name: name, datatype: string}
# - {name: ra_center, datatype: float64}
# - {name: dec_center, datatype: float64}
# - {name: orientat, datatype: float32}
# - {name: x_tangent, datatype: float64}
# - {name: y_tangent, datatype: float64}
# - {name: ra_corn1, datatype: float64}
# - {name: dec_corn1, datatype: float64}
# - {name: ra_corn2, datatype: float64}
# - {name: dec_corn2, datatype: float64}
# - {name: ra_corn3, datatype: float64}
# - {name: dec_corn3, datatype: float64}
# - {name: ra_corn4, datatype: float64}
# - {name: dec_corn4, datatype: float64}
# schema: astropy-2.0
name ra_center dec_center orientat x_tangent y_tangent ra_corn1 dec_corn1 ra_corn2 dec_corn2 ra_corn3 dec_corn3 ra_corn4 dec_corn4
[from data line 70]
010p00x41y49 10.311282091326039 -0.6599702697053335 0.07333329 7299.5 45699.5 10.273087747695646 -0.698158565887704 10.349476500132019 -0.6981597571212053 10.349476500132019 -0.6217810286985122 10.273087747695644 -0.6217799677643325
010p00x41y50 10.384615384615385 -0.6599708102273165 0.0 2499.5 45699.5 10.346420945828562 -0.6981597332964827 10.422809823402206 -0.6981597332964828 10.422809823402204 -0.6217810074797787 10.346420945828562 -0.6217810074797787
010p00x41y51 10.457948677904728 -0.6599702697053335 -0.07333329 -2300.5 45699.5 10.41975426909875 -0.6981597571212054 10.49614302153512 -0.698158565887704 10.496143021535122 -0.6217799677643326 10.419754269098748 -0.6217810286985122
010p00x41y52 10.531281730931086 -0.6599686481473247 -0.14666635 -7100.5 45699.5 10.493087477242632 -0.6981586373615624 10.569475854269646 -0.6981562549120865 10.569475854269648 -0.6217779095674746 10.493087477242632 -0.6217800314202366
010p00x41y53 10.604614303436183 -0.6599659455771798 -0.21999893 -11900.5 45699.5 10.566420329998898 -0.6981563740340049 10.642808081351847 -0.6981528004036976 10.642808081351856 -0.6217748329195776 10.566420329998891 -0.6217780156595935
010p00x41y54 10.677946155171211 -0.6599621620347792 -0.29333076 -16700.5 45699.5 10.639752587113207 -0.6981529671719005 10.716139462539696 -0.6981482024134703 10.716139462539694 -0.6217707378659526 10.639752587113207 -0.6217749814463471
010p00x41y55 10.751277045901512 -0.6599572975758674 -0.36666167 -21500.5 45699.5 10.713084008342948 -0.6981484168255018 10.789469757607785 -0.6981424610091601 10.789469757607783 -0.6217656244670112 10.71308400834295 -0.6217709288252076
010p00x42y34 9.211446030362843 -0.5865232017264584 1.1731694 79299.5 40899.5 9.173268123427953 -0.6246967098925221 9.249624979236446 -0.6247137575525983 9.249624979236442 -0.5483478705780983 9.17326812342796 -0.5483329065757028
010p00x42y35 9.284750503330077 -0.5865380877459349 1.0998648 74499.5 40899.5 9.246570625780738 -0.6247130969297706 9.32293135779612 -0.6247290803280072 9.322931357796135 -0.5483613205206118 9.246570625780722 -0.5483472907001902
010p00x42y36 9.358058577598673 -0.5865520144032073 1.0265568 69699.5 40899.5 9.319876854286061 -0.6247284622804704 9.396241212786798 -0.6247433811814497 9.39624121278681 -0.5483738734460416 9.31987685428605 -0.5483607780142166
010p00x42y37 9.431370013401143 -0.5865649814931506 0.95324534 64899.5 40899.5 9.39318656921272 -0.6247428057183007 9.46955430440601 -0.6247566599022804 9.46955430440599 -0.5483855291694945 9.393186569212698 -0.5483733683191432
010p00x42y38 9.504684570903976 -0.586576988824751 0.8799308 60099.5 40899.5 9.466499530760947 -0.6247561270320191 9.542870392787693 -0.6247689162949105 9.542870392787698 -0.5483962875192299 9.466499530760938 -0.5483850614295244
010p00x42y39 9.578002010212337 -0.5865880362211198 0.8066134 55299.5 40899.5 9.539815499067318 -0.6247684260253543 9.616189238006994 -0.6247801501787321 9.616189238006994 -0.5484061483367679 9.539815499067315 -0.5483958571730871
010p00x42y40 9.651322091374807 -0.5865981235194786 0.7332933 50499.5 40899.5 9.613134234209289 -0.6247797025171081 9.689510600084832 -0.6247903613882428 9.689510600084843 -0.5484151114767983 9.613134234209287 -0.5484057553907793
010p00x42y41 9.724644574388057 -0.5866072505711802 0.6599708 45699.5 40899.5 9.686455496209927 -0.6247899563411596 9.762834238992744 -0.6247995497729362 9.762834238992733 -0.5484231768072454 9.686455496209911 -0.5484147559367891
010p00x42y42 9.797969219201532 -0.5866154172417423 0.58664614 40899.5 40899.5 9.759779045042741 -0.6247991873463721 9.836159914657424 -0.6248077151974585 9.836159914657417 -0.5484303442092558 9.759779045042734 -0.5484228586784217
010p00x42y43 9.871295785722257 -0.5866226234107784 0.5133196 36099.5 40899.5 9.833104640636224 -0.6248073953967415 9.90948738696565 -0.6248148575414294 9.909487386965635 -0.5484366135771868 9.833104640636225 -0.5484300634963095
010p00x42y44 9.944624033819434 -0.586628868972108 0.43999135 31299.5 40899.5 9.9064320428787 -0.6248145803712802 9.98281641576884 -0.6248209766995776 9.982816415768832 -0.5484419848186105 9.906432042878695 -0.5484363702842694
010p00x42y45 10.017953723329258 -0.5866341538336436 0.36666167 26499.5 40899.5 9.97976101162298 -0.6248207421640812 10.056146760887824 -0.6248260725817186 10.056146760887817 -0.5484464578543828 9.979761011622974 -0.5484417789493107
010p00x42y46 10.091284614059552 -0.5866384779175292 0.29333076 21699.5 40899.5 10.053091306691076 -0.6248258806843157 10.129478182117555 -0.6248301451127556 10.12947818211756 -0.5484500326185545 10.05309130669107 -0.5484462894117226
010p00x42y47 10.164616465794582 -0.586641841159971 0.21999893 16899.5 40899.5 10.12642268787892 -0.6248299958562673 10.20281043923187 -0.6248331942326055 10.202810439231872 -0.5484527090584329 10.126422687878911 -0.5484499016050325
010p00x42y48 10.23794903829968 -0.5866442435114433 0.14666635 12099.5 40899.5 10.199754914961119 -0.6248330876192516 10.276143291988134 -0.6248352198963331 10.276143291988138 -0.5484544871345415 10.199754914961119 -0.5484526154759565
010p00x42y49 10.31128209132604 -0.5866456849364629 0.07333329 7299.5 40899.5 10.273087747695646 -0.6248351559277007 10.349476500132019 -0.6248362220740866 10.349476500132019 -0.5484553668207127 10.273087747695644 -0.5484544309845232
010p00x42y50 10.384615384615383 -0.5866461654138516 1.7763568e-15 2499.5 40899.5 10.34642094582856 -0.6248362007511283 10.422809823402206 -0.6248362007511283 10.422809823402206 -0.5484553481039581 10.34642094582856 -0.5484553481039581
010p00x42y51 10.457948677904728 -0.5866456849364629 -0.07333329 -2300.5 40899.5 10.41975426909875 -0.6248362220740866 10.496143021535122 -0.6248351559277007 10.496143021535122 -0.5484544309845232 10.41975426909875 -0.5484553668207127
010p00x42y52 10.531281730931088 -0.5866442435114433 -0.14666635 -7100.5 40899.5 10.493087477242632 -0.6248352198963331 10.569475854269646 -0.6248330876192516 10.56947585426965 -0.5484526154759565 10.493087477242629 -0.5484544871345415
010p00x42y53 10.604614303436184 -0.586641841159971 -0.21999893 -11900.5 40899.5 10.566420329998897 -0.6248331942326055 10.642808081351847 -0.6248299958562672 10.642808081351856 -0.5484499016050325 10.566420329998895 -0.5484527090584329
010p00x42y54 10.677946155171217 -0.5866384779175292 -0.29333076 -16700.5 40899.5 10.639752587113211 -0.6248301451127555 10.716139462539692 -0.6248258806843158 10.716139462539699 -0.5484462894117226 10.639752587113207 -0.5484500326185545
010p00x42y55 10.75127704590151 -0.5866341538336436 -0.36666167 -21500.5 40899.5 10.713084008342944 -0.6248260725817186 10.789469757607787 -0.6248207421640812 10.789469757607792 -0.5484417789493107 10.713084008342951 -0.5484464578543828
010p00x43y34 9.211446030362849 -0.5132120030235954 1.1731694 79299.5 36099.5 9.173268123427949 -0.551387497918697 9.249624979236447 -0.5514025452706032 9.249624979236453 -0.47503478268563376 9.173268123427949 -0.4750218191449547
010p00x43y35 9.284750503330084 -0.5132250286105475 1.0998648 74499.5 36099.5 9.246570625780725 -0.5514019621627737 9.32293135779614 -0.5514160701293171 9.322931357796127 -0.475046434573462 9.246570625780718 -0.47503428032867206
010p00x43y36 9.358058577598685 -0.5132372147349665 1.0265568 69699.5 36099.5 9.31987685428606 -0.5514155246011581 9.396241212786782 -0.5514286929745794 9.396241212786789 -0.4750573093618856 9.319876854286072 -0.47504596459198506
010p00x43y37 9.431370013401148 -0.5132485612173682 0.95324534 64899.5 36099.5 9.393186569212714 -0.5514281850340975 9.469554304405984 -0.5514404136204161 9.469554304406003 -0.47506740689070787 9.393186569212707 -0.4750568717628293
010p00x43y38 9.504684570903967 -0.5132590678906089 0.8799308 60099.5 36099.5 9.46649953076096 -0.5514399432751173 9.542870392787703 -0.5514512318941672 9.542870392787698 -0.4750767270111896 9.466499530760954 -0.4750670016805215
010p00x43y39 9.578002010212343 -0.5132687345998826 0.8066134 55299.5 36099.5 9.539815499067322 -0.5514507991509952 9.616189238007008 -0.5514611476364657 9.616189238006994 -0.4750852695860057 9.539815499067329 -0.4750763541958342
010p00x43y40 9.651322091374809 -0.5132775612027778 0.7332933 50499.5 36099.5 9.613134234209282 -0.5514607525017801 9.689510600084844 -0.5514701607012066 9.689510600084832 -0.4750930344892848 9.613134234209275 -0.47508492917098233
010p00x43y41 9.724644574388062 -0.5132855475692064 0.6599708 45699.5 36099.5 9.686455496209936 -0.5514698031808216 9.762834238992719 -0.5514782709555696 9.762834238992745 -0.47510002160657633 9.686455496209922 -0.4750927264796035
010p00x43y42 9.79796921920154 -0.513292693581503 0.58664614 40899.5 36099.5 9.759779045042734 -0.5514779510547553 9.836159914657426 -0.5514854782799968 9.836159914657408 -0.4751062308349663 9.75977904504273 -0.4750997460067917
010p00x43y43 9.87129578572226 -0.5132989991343266 0.5133196 36099.5 36099.5 9.833104640636222 -0.5514851960034922 9.909487386965644 -0.5514917825683144 9.909487386965646 -0.47511166208286937 9.833104640636217 -0.47510598764911
010p00x43y44 9.944624033819432 -0.5133044641347606 0.43999135 31299.5 36099.5 9.9064320428787 -0.551491537920258 9.982816415768836 -0.5514971837275634 9.982816415768845 -0.47511631527025794 9.906432042878704 -0.4751114513145501
010p00x43y45 10.01795372332926 -0.5133090885022124 0.36666167 26499.5 36099.5 9.979761011622987 -0.5514969767115636 10.056146760887819 -0.5515016816781536 10.056146760887822 -0.47512019032856934 9.97976101162298 -0.4751161369225919
010p00x43y46 10.091284614059553 -0.5133128721685698 0.29333076 21699.5 36099.5 10.053091306691075 -0.5515015122972596 10.129478182117566 -0.551505276353758 10.129478182117568 -0.4751232872006401 10.053091306691082 -0.4751200444041459
010p00x43y47 10.164616465794582 -0.5133158150780226 0.21999893 16899.5 36099.5 10.12642268787892 -0.5515051446104846 10.202810439231873 -0.551507967701418 10.202810439231872 -0.4751256058408636 10.12642268787892 -0.47512317370165197
010p00x43y48 10.237949038299687 -0.5133179171871796 0.14666635 12099.5 36099.5 10.199754914961119 -0.5515078735976889 10.276143291988136 -0.5515097556814306 10.276143291988136 -0.47512714621500224 10.199754914961114 -0.4751255247689661
010p00x43y49 10.31128209132604 -0.5133191784650815 0.07333329 7299.5 36099.5 10.27308774769565 -0.5515096992186188 10.349476500132017 -0.5515106402674443 10.349476500132019 -0.4751279083003896 10.27308774769564 -0.4751270975713946
010p00x43y50 10.384615384615383 -0.5133195988931163 1.7763568e-15 2499.5 36099.5 10.34642094582856 -0.551510621446416 10.422809823402206 -0.5515106214464162 10.422809823402206 -0.47512789208577516 10.34642094582856 -0.47512789208577516
010p00x43y51 10.457948677904726 -0.5133191784650813 -0.07333329 -2300.5 36099.5 10.41975426909875 -0.5515106402674445 10.496143021535119 -0.5515096992186188 10.496143021535124 -0.4751270975713946 10.41975426909875 -0.4751279083003896
010p00x43y52 10.531281730931079 -0.5133179171871795 -0.14666635 -7100.5 36099.5 10.493087477242632 -0.5515097556814305 10.56947585426965 -0.5515078735976889 10.569475854269657 -0.4751255247689661 10.49308747724263 -0.47512714621500224
010p00x43y53 10.604614303436186 -0.5133158150780226 -0.21999893 -11900.5 36099.5 10.566420329998893 -0.551507967701418 10.642808081351848 -0.5515051446104846 10.642808081351848 -0.47512317370165197 10.566420329998895 -0.4751256058408636
010p00x43y54 10.677946155171211 -0.5133128721685698 -0.29333076 -16700.5 36099.5 10.639752587113202 -0.551505276353758 10.716139462539692 -0.5515015122972597 10.716139462539687 -0.4751200444041459 10.639752587113199 -0.4751232872006401
010p00x43y55 10.751277045901508 -0.5133090885022124 -0.36666167 -21500.5 36099.5 10.71308400834295 -0.5515016816781536 10.789469757607781 -0.5514969767115636 10.789469757607788 -0.4751161369225919 10.713084008342946 -0.47512019032856934
010p00x43y56 10.824606735411338 -0.5133044641347606 -0.43999135 -26300.5 36099.5 10.786414353461932 -0.5514971837275634 10.862798726352068 -0.551491537920258 10.862798726352066 -0.4751114513145501 10.786414353461923 -0.47511631527025794
010p00x44y33 9.13814539839378 -0.43988723938474017 1.24647 84099.5 31299.5 9.099969586885804 -0.4780631574666224 9.176322316841953 -0.47807701867005997 9.176322316841947 -0.40170962846647035 9.099969586885805 -0.40169798127440987
010p00x44y34 9.211446030362858 -0.43989912380140883 1.1731694 79299.5 31299.5 9.173268123427947 -0.47807648050672635 9.249624979236437 -0.4780895274026616 9.249624979236437 -0.40172013921409827 9.173268123427947 -0.40170917626246305
010p00x44y35 9.284750503330073 -0.4399102888278917 1.0998648 74499.5 31299.5 9.246570625780716 -0.47808902181555096 9.322931357796127 -0.4781012542118362 9.322931357796127 -0.401729992932759 9.246570625780723 -0.40171971438300363
010p00x44y36 9.358058577598674 -0.43992073429974776 1.0265568 69699.5 31299.5 9.31987685428605 -0.47810078120840016 9.396241212786805 -0.47811219892487544 9.396241212786801 -0.4017391894773303 9.319876854286061 -0.4017295954808375
010p00x44y37 9.431370013401134 -0.43993046006313696 0.95324534 64899.5 31299.5 9.39318656921271 -0.47811175851207366 9.469554304405994 -0.4781223613805723 9.469554304406007 -0.40174772871233755 9.393186569212698 -0.4017388194104383
010p00x44y38 9.50468457090395 -0.4399394659747865 0.8799308 60099.5 31299.5 9.466499530760961 -0.47812195356488646 9.542870392787698 -0.47813174142919435 9.542870392787691 -0.40175561051199327 9.466499530760947 -0.40174738603592464
010p00x44y39 9.578002010212334 -0.4399477519019935 0.8066134 55299.5 31299.5 9.539815499067315 -0.4781313662166542 9.616189238006982 -0.47814033893256425 9.616189238007001 -0.40176283476014657 9.53981549906732 -0.40175529523109793
010p00x44y40 9.651322091374803 -0.4399553177226963 0.7332933 50499.5 31299.5 9.613134234209275 -0.4781399963286739 9.689510600084832 -0.4781481537639724 9.689510600084835 -0.4017694013503722 9.613134234209278 -0.4017625468794271
010p00x44y41 9.724644574388046 -0.43996216332539534 0.6599708 45699.5 31299.5 9.686455496209929 -0.478147843773791 9.762834238992738 -0.47815518580825933 9.762834238992733 -0.40177531018587764 9.686455496209923 -0.40176914087406146
010p00x44y42 9.797969219201537 -0.43996828860920395 0.58664614 40899.5 31299.5 9.759779045042725 -0.47815490843637554 9.836159914657411 -0.47816143496182784 9.836159914657417 -0.4017805611796003 9.759779045042738 -0.4017750771178184
010p00x44y43 9.871295785722252 -0.4399736934838546 0.5133196 36099.5 31299.5 9.833104640636217 -0.47816119021229475 9.909487386965647 -0.4781669011325223 9.90948738696566 -0.40178515425412 9.833104640636222 -0.4017803555232269
010p00x44y44 9.944624033819434 -0.4399783778696762 0.43999135 31299.5 31299.5 9.90643204287871 -0.4781666890089641 9.982816415768845 -0.47817158423979267 9.982816415768834 -0.4017890893417774 9.906432042878714 -0.4017849760124699
010p00x44y45 10.017953723329247 -0.4399823416976246 0.36666167 26499.5 31299.5 9.979761011622982 -0.478171404745353 10.05614676088783 -0.4781754842146209 10.056146760887819 -0.40179236638453136 9.979761011622982 -0.4017889385174719
010p00x44y46 10.091284614059546 -0.43998558490927875 0.29333076 21699.5 31299.5 10.053091306691073 -0.4781753373519286 10.129478182117564 -0.4781786009995215 10.129478182117564 -0.4017949853340825 10.05309130669108 -0.4017922429797842
010p00x44y47 10.164616465794584 -0.4399881074567889 0.21999893 16899.5 31299.5 10.12642268787892 -0.4781784867707292 10.202810439231872 -0.4781809345485354 10.202810439231877 -0.40179694615182476 10.126422687878922 -0.40179488935073154
010p00x44y48 10.237949038299682 -0.4399899093030255 0.14666635 12099.5 31299.5 10.199754914961126 -0.4781808529553164 10.276143291988134 -0.4781824848272488 10.276143291988136 -0.4017982488088619 10.19975491496112 -0.4017968775912815
